1978  2926.0  1849.5  2201.0  1494.0  3076.0  1724.0  1754.0  1577.5  1611.0  2348.0  3838.0  2364.0  2417.0  2076.0  2079.0  1846.0  1352.5  1795.0  1742.0  1546.0  1569.0  2178.0  1910.0  2091.0  2671.0  1866.0
1979  2723.0  2633.5  2476.0  2596.0  3195.0  2174.5  2576.0  1772.0  2338.0  3077.0  4448.0  3027.0  2631.0  2307.0  2497.0  2475.0  2415.0  2061.0  1992.0  2302.0  2297.0  2768.0  2491.0  2650.0  3255.0  2954.0
1980  4057.0  2760.0  1913.0  3143.0  2896.0  2942.0  3001.0  2902.0  2766.0  3293.0  5013.0  3455.0  2077.0  1762.0  2799.0  3238.0  2808.5  2622.0  2673.0  2947.0  3141.0  3344.0  3064.0  2983.0  3481.0  3149.0
1981  2400.0  1585.0  1403.0  1957.0  2066.0  1818.0  1548.0  1722.5  1711.0  1862.0  3610.5  2328.0  1654.0  1114.0  1874.0  2091.0  1572.0  1811.0  1768.0  1738.0  1890.0  2169.0  2000.0  1535.0  2433.0  2035.0
1982  4165.0  2437.5  2156.5  1921.0  3238.0  2012.5  2264.0  1974.0  2342.0  2830.0  4725.5  3278.0  2940.0  2062.0  2101.0  2027.0  1885.5  1951.0  1653.0  2351.0  2134.0  2471.0  2346.0  2365.0  3214.0  2326.0
1983  3113.0  2537.5  2114.0  2570.0  3363.5  3047.5  2683.0  2800.5  2785.0  3162.0  4511.0  2858.0  3014.0  2239.0  2664.0  2946.0  2078.0  2690.0  3282.0  3392.0  3433.0  3035.0  3022.0  2973.0  4033.0  2822.0
1984  2694.0  2076.0  2195.5  1771.0  3159.5  1543.0  1535.0  1516.5  1932.0  2251.0  4217.5  2959.0  2740.0  1989.0  1874.0  2031.0  1972.0  1639.0  1613.0  1725.0  1827.0  2243.0  1953.0  1815.0  2870.0  2161.0
1986  2738.0  1885.0  1530.5  1958.0  2009.5  2065.0  1440.0  2083.5  1904.0  2304.0  3681.0  2021.0  1345.0  1408.0  1751.0  2204.0  1554.0  2058.0  2028.0  2246.0  2191.0  2270.0  2018.0  1996.0  2956.0  2512.0
1987  3732.0  2545.0  2211.0  2174.0  2718.5  2720.5  2488.0  2215.0  2472.0  3124.0  4741.0  3544.0  1735.0  2111.0  2536.0  2999.0  2203.0  2551.0  2636.0  2898.0  2933.0  3138.0  2946.0  3055.0  3503.0  1995.0
1988  3213.0  1853.0  1917.0  2129.0  3037.5  2020.5  2283.0  1865.0  1912.0  2392.0  3956.5  2620.0  2308.0  2142.0  1967.0  2021.0  1902.0  1932.0  1893.0  2274.0  2315.0  2521.0  2121.0  2263.0  2994.0  2172.0
1989  2991.0  2180.5  1909.5  2656.0  2573.5  2139.0  2106.0  1875.0  2114.0  2479.0  3520.5  2348.0  1775.0  1983.0  2423.0  2396.0  1934.5  1983.0  2095.0  2189.0  2231.0  2666.0  2643.0  2083.0  2995.0  2566.0
1990  3270.0  2713.5  2518.5  2454.0  3422.5  2567.5  3126.0  2553.5  3091.0  2976.0  4719.5  3251.0  2763.0  2203.0  2551.0  2438.0  2194.0  2226.0  2428.0  2754.0  3157.0  3039.0  2898.0  3122.0  3378.0  2508.0
1991  3629.0  2891.0  1619.0  1930.0  2876.5  2118.5  2262.0  1892.5  2246.0  2733.0  4244.5  3471.0  2436.0  1729.0  2236.0  2773.0  2198.0  1928.0  2030.0  2258.0  2336.0  2660.0  2673.0  2604.0  3191.0  2734.0
1992  3223.0  2690.0  1981.0  2070.0  3296.5  2305.0  2319.0  1896.0  2233.0  2419.0  4519.5  2942.0  2418.0  2164.0  1996.0  2479.0  1972.0  2013.0  2127.0  2334.0  2499.0  2663.0  2458.0  2356.0  2893.0  2108.0
1993  3101.0  2707.5  1182.5  3510.0  2916.5  4027.5  3909.0  3824.5  3491.0  3633.0  5465.0  2994.0  2075.0  1578.0  4441.0  4694.0  3523.0  4085.0  3729.0  3644.0  3963.0  4370.0  4730.0  3747.0  4003.0  4833.0
1994  2649.0  2225.0  1856.0  1696.0  2018.0  1624.5  1826.0  1676.5  1729.0  2291.0  3954.0  3004.0  1731.0  1817.0  1673.0  1730.0  1414.0  1794.0  1818.0  1973.0  1819.0  2200.0  2040.0  1978.0  2501.0  1537.0
1995  3206.0  2811.5  1367.0  2745.0  2603.5  2845.5  2531.0  2211.0  2182.0  2472.0  4907.0  3080.0  1731.0  1765.0  2607.0  2804.0  2210.5  2569.0  2524.0  2624.0  2809.0  3193.0  2673.0  2243.0  2689.0  2623.0
1996  2710.0  2008.5  1544.5  2166.0  2581.5  1999.0  2090.0  1882.5  1813.0  2194.0  4003.5  1879.0  1946.0  1840.0  1981.0  2153.0  1397.5  1855.0  2078.0  1948.0  2128.0  2425.0  2340.0  2149.0  2226.0  2343.0
1997  1998.0  2151.0  1210.5  2004.0  2347.0  1822.0  1815.0  1734.5  1608.0  2275.0  3867.5  2466.0  1578.0  1241.0  1997.0  2486.0  2439.0  1776.0  1944.0  1759.0  1769.0  2332.0  2537.0  2083.0  1799.0  2946.0
1998  4097.0  2851.0  3199.0  3181.0  4548.0  2646.0  2547.0  2511.5  2301.0  2565.0  5618.5  4013.0  3421.0  3680.0  2798.0  2990.0  2613.0  2691.0  2720.0  2624.0  2918.0  2984.0  2768.0  2582.0  3106.0  2985.0
1999  4107.0  2953.0  2006.0  2646.0  3343.0  2449.0  3555.0  2581.5  3059.0  3226.0  6178.5  3527.0  2632.0  1897.0  2279.0  2707.0  2234.5  2519.0  3001.0  2443.0  2805.0  3563.0  3360.0  3572.0  3724.0  2792.0
2000  3126.0  1879.0  2295.5  2137.0  2711.5  2622.5  2938.0  2405.0  2814.0  2868.0  4072.5  2963.0  2604.0  2428.0  2390.0  2659.0  1939.0  2176.0  2677.0  2664.0  3001.0  3210.0  3029.0  2520.0  3118.0  2440.0
2001  4297.0  2895.0  1739.5  2042.0  2943.0  1987.5  2467.0  2126.5  2555.0  2334.0  4869.0  3485.0  2529.0  1890.0  1900.0  2150.0  1786.5  1954.0  1968.0  2209.0  2353.0  2499.0  2304.0  2577.0  3729.0  2281.0
2002  3476.0  2136.0  1637.5  2115.0  2641.0  1967.0  2289.0  2294.0  2022.0  2356.0  4163.5  2632.0  1982.0  1766.0  2051.0  2273.0  1957.5  2065.0  2255.0  2412.0  2384.0  2500.0  2469.0  2011.0  2363.0  2193.0
2003  3561.0  2430.0  1338.5  2256.0  2585.5  2187.5  2722.0  2202.5  2584.0  3154.0  4253.5  2876.0  2004.0  1643.0  2121.0  2550.0  2126.5  1925.0  2123.0  2314.0  2536.0  3114.0  2840.0  2750.0  3533.0  2625.0
2004  2371.0  2488.0  1453.0  2197.0  2855.0  2191.5  2787.0  2111.5  2326.0  2833.0  4650.0  2560.0  2066.0  1491.0  2133.0  2391.0  2079.0  1913.0  2361.0  2263.0  2449.0  3264.0  3034.0  3064.0  2993.0  2466.0
2005  3559.0  2224.5  1794.5  1860.0  2897.0  2052.5  2559.0  2373.5  2080.0  2802.0  4485.5  3430.0  2378.0  2001.0  2025.0  2570.0  1981.0  1822.0  2329.0  2538.0  2410.0  2576.0  2549.0  2795.0  2717.0  2360.0
2006  2779.0  1998.0  1709.0  2608.0  2329.5  2249.5  2254.0  1775.0  2234.0  2011.0  4667.5  2724.0  2322.0  1850.0  2515.0  3275.0  2916.5  1964.0  2222.0  2293.0  2483.0  2818.0  2701.0  2111.0  3066.0  3673.0
2007  2860.0  2132.0  1955.0  1667.0  2745.5  2442.5  2782.0  2623.5  2407.0  3459.0  4382.0  2598.0  2170.0  1791.0  1937.0  2168.0  1400.5  1734.0  2405.0  2715.0  2778.0  2705.0  2345.0  2999.0  3275.0  2287.0
2008  3339.0  2523.0  1638.0  2523.5  3050.0  2398.5  2598.5  2452.0  2382.5  2892.0  4845.0  3376.0  2009.5  1810.5  2500.0  2781.0  2209.5  2259.5  2456.5  2952.0  2913.0  2626.0  2639.5  3011.5  3587.0  2929.5
2009  2325.0  1685.0  1878.5  1923.5  2608.0  1528.5  2001.0  1636.0  1773.5  2385.0  3295.5  2369.0  1957.5  1841.0  1674.5  1806.0  1583.5  1533.0  1795.0  2278.5  1909.5  1863.0  2037.0  2113.0  2990.0  1971.5
2010  4167.5  3212.0  2008.0  2961.0  3535.0  2839.0  3164.0  2676.5  3047.5  3356.5  5501.0  3707.5  2833.0  2246.5  3044.5  3592.0  2329.0  2853.5  2698.0  3150.5  3344.5  3549.0  3402.0  3146.0  4201.0  3476.5
2011  3829.0  2983.0  1597.0  2573.5  2925.5  2163.0  2665.5  1972.5  2429.5  2750.5  4987.5  3426.0  2673.0  1825.5  2206.5  2950.5  2428.5  2142.5  2149.5  2526.5  2549.5  2964.5  2977.0  2857.0  2900.0  3464.5
2012  3949.0  2384.5  3085.5  2871.5  4107.5  2836.0  2927.0  2608.5  3083.5  3482.5  5006.5  3566.5  3789.5  2952.0  2720.5  3130.0  2283.0  2335.5  2465.5  2643.5  3190.0  3174.5  2947.5  3000.0  4188.5  2967.5
2013  2657.0  1643.5  1394.5  2132.5  2222.5  1781.5  2180.5  1770.5  1954.0  2316.0  3031.5  2142.0  1852.0  1617.5  1882.5  2664.0  1730.0  2016.5  1846.5  2153.0  2214.0  2337.0  2210.5  2408.5  2435.5  2706.0
2014  3896.0  3040.0  2010.5  2798.0  3297.0  2837.0  2801.5  2336.5  2778.0  3449.0  5624.0  3636.5  3134.5  2126.0  2331.5  2811.5  2286.5  2227.0  2863.0  3005.5  3152.0  3145.0  2712.5  3034.0  4019.0  2775.0
2015  4302.0  3568.0  2304.5  3094.0  2557.5  3550.5  3896.5  3929.5  3458.5  4362.0  5236.5  3971.5  2364.5  2572.5  3016.5  3256.0  2759.0  2979.0  3531.0  3997.5  4102.5  4068.0  3510.0  4104.5  5210.5  3221.0
2016  3899.0  3010.5  2331.5  2848.5  2833.5  3414.0  3428.0  2958.0  3646.5  3479.0  5121.5  3402.5  2343.5  1990.0  2949.0  3542.0  3081.0  2870.0  3345.5  3208.5  3887.0  4300.0  3667.5  3306.0  4337.0  3744.0
2017  3667.0  2875.5  1449.5  2469.0  2952.0  2331.5  2951.0  2224.5  2424.5  3043.0  4762.5  2936.0  2544.5  1665.0  2064.0  2422.5  2264.5  2077.0  2262.0  2730.5  2658.5  3181.5  2667.5  2761.5  3477.0  2606.5
2018  3454.5  2439.5  1967.0  2426.0  3140.0  2181.0  2781.5  2225.0  2372.0  3054.0  4511.5  2961.5  2129.5  1752.0  2366.5  2930.0  2334.5  2393.0  2367.0  2337.5  2543.5  3000.5  2548.5  2893.5  3191.5  2720.0
