1938	212.8	131	206.9	194.2	322.9	481.6	192.5	361	101	508.7	33.3	232.7
1939	110.8	106.5	151.5	667.1	865.7	634.8	174.6	682.8	87.4	1102.1	166.1	57.3
1940	134.3	204.5	238.5	174.3	104.8	201.6	109.1	400.8	414.3	94.8	114	117.5
1941	135.1	275.1	325.2	170.1	296.7	389.8	532.3	616.7	432.7	119.7	211.7	240.2
1942	184.8	230.6	248.5	311.7	366.9	1068.8	61.5	710.6	186	150.1	156.9	381.5
1943	215.4	69.5	162.9	253.4	338.5	461.2	782.1	517.9	297.8	165.1	185.1	115.3
1944	151.1	160	141.8	85.4	155.7	331.8	167.3	118.9	560.7	235.6	244	91.9
1945	175.9	201.5	126.1	80.4	229	1003	366.5	281.2	663.3	773.4	184.1	120.6
1946	185	111.9	382.4	436	497.7	435.5	284.7	722.1	250.3	462.2	286.6	217.9
1947	286.1	115.6	145	124.4	358.1	680	169.7	62.9	97.5	217.4	123.4	195.6
1948	196.6	144.7	265	123.5	193.2	1025.1	342.5	214.3	123.7	242.6	186.7	250.7
1949	166.1	286.7	310.5	125.4	535.9	1440.5	1081.4	349.8	209.5	507.2	620.3	469.3
1950	154.5	225.1	283.9	363.1	522.6	225.6	998.5	381.4	251.9	189.1	613.6	189.8
1951	169.7	257.6	188.5	324.7	444.7	630.4	363.9	447.2	395.9	850.3	218.1	212.9
1952	237.9	219.2	280.6	208	390.3	1120.4	148.6	65.5	350.9	357.6	667.3	201.1
1953	198	206.2	301.2	116.7	323.7	927	163.5	392.7	373.5	345.6	275.1	199.4 
1954	236.2	110.6	334.9	311.1	697.7	988.1	411.2	545	506.7	479.8	279.6	97.5
1955	216.4	276.2	323.9	205.1	520	842.3	321.5	243.8	94.7 	197.3	148.8	100.8
1956	366.9	85.1	394.4	289.4	483.7	408.9	216.3	497.1	855.2	346.7	101.7	101.8
1957	86.3	300.6	189.2	374.3	594.8	566.5	161.5	709.9	1113.8	107.1	229	133.9
1958	416.1	190.8	348.7	429.1	464.6	237.2	37	249.5	141.4	404.1	112.2	201.2
1959	292.5	427.7	203.8	362.9	356.2	624.1	367.3	600.1	377.3	501.9	296.8	134
1960	174.7	121.6	174	325.9	221.4	743.4	55.4	660.3	96.5	289.3	139.9	145.6
1961	176.3	208.7	208.6	350	774.3	529.5	139.2	147.7	612.2	353.2	277.4	141.4
1962	216.5	129.5	86.6	183.1	454.4	727	311.5	230.6	199.5	229	288.7	105
1963	263.1	147	181.7	216.7	432	390	123	514.9	442.6	281	158.7	193.5
1964	339.8	266.5	119.8	524.9	419	356.0 	135.5	454	417.1	212.8	68.7	234.1
1965	79.4	110.4	104.5	277.4	365.8	627.5	65.6	321	1013.4	284.1	440.9	255.1
1966	191.9	282.2	206.5	345.7	360.8	284.5	255.7	497.5	634.4	378.8	121.7	144.3
1967	119.9	125.5	203.9	414.1	241.5	360.7	203	60.9	221	726	121	237.6
1968	178	107.5	117.5	176	216.5	702	799	155.5	561.5	122.5	28	192.5
1969	156	189.5	317	236.5	372	277	233	483	571	440	107.5	101
1970	146	121.5	287.5	185.5	276	716.5	230	864	201.5	172.5	90	180.5
1971	217	258.5	192	146.5	262.5	733.5	84.5	1152.5	553.5	419.5	57	236.5
1972	504.5	264	172.5	317	607	402.5	552.5	240.5	225	201.5	121	307.5
1973	299	170.5	204.5	378.5	360.5	560.5	363	301	368	111.5	28.5	69.5
1974	138	165.5	164.5	194	359	400	364.5	250.5	260	424	191.5	172.5
1975	260	217	166.5 	575.5	270	678	432.5	520.5	295	833	327	451
1976	152.5	471.5	359.5	504	389.5	726.5	334	77.5	559.5	264	294.5	317
1977	195	179.5	331.5	454.5	776	802	213	260	476	106	323.5	254.5
1978	297	210.5	393	419	642.5	386	317.5	242	109.5	398.5	218.5	204
1979	266	264	591.5	414	410.5	447.5	381	123.5	669.5	307.5	450.5	122.5
1980	459.5	238	633.5	672	954.5	585.5	280.5	86.5	401.5	276	187	238.5
1981	109.5	185.5	779	629.5	322	297.5	88	73	172.5	376	468	110
1982	131	323	387.5	317.5	582	547	439.5	559	477.5	395.5	321.5	244.5
1983	209	203	621	827	604	677	149	189	455	240	117.5	219.5
1984	214	263	279.5	298.5	318	761.5	208.5	366	677.5	151	263.5	416.5
1985	252	529	388.5	340	472.5	1074	175.5	670	128	239	103.5	443.5
1986	252.5	259.5	583.5	186.5	323	353.5	226.5	80.5	390	165	446.5	246.5
1987	183	201.5	582.5	358	369	595.5	427	203	311.5	948.5	315	226.5
1988	111.5	239.5	513	483	353	738.5	412	229	330	130.5	190	127.5
1989	224.5	296.5	232	283.5	519.5	550.5	352	265.5	295.5	79	294.5	90.5
1990	243.5	709	294.5	566.5	531	828	149	172.5	452	244.5	438.5	154
1991	293.5	355	308.5	488.5	319.5	547	387	452.5	501.5	308.5	129	126
1992	367.5	147	636	419.5	428.5	991.5	339	588	253.5	62.5	160.5	224.5
1993	363.5	340	440.5	298	323.5	821	791	280.5	935.5	188.5	458.5	262.5
1994	249	366.5	302.5	607	267	852	60.5	223	77	251.5	435.5	365.5
1995	319	321.5	612.5	533.5	509	1327	195.5	50	337.5	201.5	134.5	170.5
1996	132	178.5	467	308	343.5	469.5	430	345	420	335.5	404	250.5
1997	252.5	170	385	288	234	574.5	116	241.5	688	49	618.5	464
1998	617	286.5	481	605.5	748.5	1046.5	486.5	42	173.5	530.5	137	55.5
1999	129	239	803.5	507	863	1146.5	656.5	430.5	742.5	389	216.5	171.5
2000	276	135	502.5	348.5	174	992	334	165.5	222.5	485.5	265.5	170
2001	587	225	198	737	337	491	137.5	94.5	1174	535.5	182.5	229
2002	350.5	100.5	375.5	291	343.5	827.5	648	177	141	247	433	663
2003	187	219.5	354	237	407	859.5	143.5	253	247	252	431	233
2004	423	144	226.5	302.5	620	689.5	81	554.5	348	782	246	338
2005	391.5	531.5	251	235.5	363.5	1067	240	209	467.5	263	128	345
2006	356.5	275	367	349	894	1063.5	163.5	136.5	210.5	24	483	351.5
2007	257	349	379.5	389	547	482.5	667	343.5	214.5	122	279.5	288.5
2008	180	172	140.5	349	648	1043.5	67	432.5	923.5	330	270.5	202.0 
2009	381.5	220.5	462	400.5	110	336	135.5	58.5 	116	285.5	587.5	422.0 
2010	124.5	614.5	487.5	668	355	1158	651.5	185.5	300	375.5	159	268.5
2011	284.5	480.0 	94.0 	190.5	886.5	684.0 	343.0 	113.5	336	785	522	235.5
2012	343.5	295.5	387	708.5	175	1216.5	299	342.5	596	120.5	287	342.5
2013	195	179	280	303.5	157	795	13.5	108	130	180.5	347.5	437
2014	97	607.5	695.5	241.5	338.5	1056.5	400	312	708	351	379.5	406
2015	254	159	250.5 	343	585.5	1023.5	929.5	361.5 	466.5	108	349.5	326.5
2016	328.5	509.5	285.5	745.5	597.5	443.5	516.5	49	463.5	617	239	142.5
2017	192	127	391.0 	376	333.5	910.0 	193	354	787	580	376.5	175
2018	268.5	268	236.5	273.5	524.5	1080	384	214.5	707	164.5	215.5	207.5

